1480094240 1017484986 4126761748 2743083672  187494263 
3202392114  854684823 1873330673 3344281288 4265192617 
2569278641 3208361816 2352775306 1988922224 2913053067 
 443895706 2233672777  616050617 1088061017 4186438696 
2756867238 3617945707 1086925174 1556882772 3738799577 
3084373119  456652375 2387881076 2153455407 3585161114 
2301287141 4136116882 3542829172 1851494904 3056240036 
1486730741 4226772943 4179745325 2626484151 3659744978 
 109634486 1709383194  392773289  118790073  522393464 
 717945392 2145211958 3788860452  605109424 1340515088 
 147174332 1361762013  673211082 4224192774  813275451 
1665806819  673057852  982519114 2866870235  610357579 
  35872243 3432556599 2371427702 3343125598 3341222553 
 198912838  998483012  355986278 3820647445 3426926603 
2028412976 1929885172 1350399023 1265698664  437183717 
2799706248 3773541510  990925541 2850776216 3145445794 
3067378040  724902109  437691111 3060526235 4022903869 
2728297305 3010683506 3774831228   48848949 1698269835 
 512296361  838302864  621955830 2364264549  513191432 
3980083320 1387632525 3211811477 3092709429 1594780066 
2683184834 2102614716 2427827255 2378600878  634981396 
1918895153 3502773123   57795817 1573347819  466481969 
3869582979 1829884434 3748857112 1350413633  695399273 
3804309523 2264499935 2038322868 2138247960  992775947 
3656820807 2781407745  351904917   63019663 1154542362 
 177259989  953876960 3082579091 2228548397  360858739 
1338107596 1346574161 2318690382   28545026 3724597419 
 679549076 1881247171 2490140639 3874643738 2373213788 
2811378844 3635946736 2394956050  366722704  927764299 
4245525271  595982646 3187812281 2332263252 3039050487 
1025676898 1600606870  752077989 3958410031 1622243626 
2418679062 2576110935 3965638939 2146707146 2383174326 
 207335261  864390299 1824045513 1789201702 4131277358 
 978050643 3494036512 3704896909 1521915892  627083191 
1014486110 3656558143 3499868601 2507063751 1697742871 
1167244333 2800945570 2793290528  621537418  632043267 
 148706378 2011292670 1669952324  903633424 2621721564 
3440081551  332185427 3308724228 1415762291 2031448598 
1384748088  564449009 4086859349 2088314959  700026024 
3184473263 1782310257  416377371 1559493460 1561749439 
 209408952 1516857893 2301326634 2938179324 1229429267 
3293409673 3158748667 3936466312 1136068011 2671412923 
2633246352 1425189307 3580194952 3253643641 2354080849 
2546447321 1099700828 3098454880 3681046670  934113952 
 926728153 3239379913 3100768813 2843785036 3853387968 
 917915919 3653629086  629994543 1380705986 1196600860 
1031701983 2250271248 2190611161 3913719897 2582803774 
4237784523 2355066088 2361536346 1724975325 1337664593 
1294697168 4236283788 1946502808  482185004 1798180995 
3474273148 4163719234  427029132 3995914442 2180130231 
1910765452 2135272591 3013069841 2732945590 1854440992 
 421441002 2487785711 3942076521 2254434286 1796843637 
3430698831 1994240289 3933950360 2416687606  518945048 
1591291867 2772654786  449198897 2628767932 1855194876 
  27376261  936887554 2120811650 1605786374 1483043811 
2041119263 2828151319 2691749491 1714834737 3705605259 
 597178624  359973192  983035559 2116355582 3745628154 
3179668672  240754270 2659493609 1194297353 3555369163 
3217661956  108947902  181654796 1588923105 3802289866 
2255745023 2716254115 2093506010   62077947 4280163914 
1856837790 2572266989 4283732505 1825855592 4160982824 
3370671432 4111630950   44937036 1302837095 1412946949 
1153107031 2917839404 3783905217 1352897904  932596420 
 826003431  283740187 2532032623 1052421370 2416579966 
1566670617 1773741240 2220533666 3602708751  123009352 
 666883164  888404860 2430676308 2737338014 1995225230 
 310042277 1926272191 2499584529 3893107534 2639468678 
4156598312 3820825753 2482280198  531304418 2402726324 
3557478125 1318146707 3256111282 2604707508 4083067941 
  58121001 3505731073 2060179382 1105038603 1928769594 
2227272913  702516983 2624568599  211287233  569787826 
2178593608 4037929722  107150416 4258731186 3544378068 
 559599373  223412400 1641294837 1700181708 2956964577 
 983367032 2056107368  207902472 1595377134 2469874169 
2632720121 2952302855 3517775945  958348638  332257008 
1014505892 2985934856 4245341664  762411493 2788160582 
1778864441 2858883404 3953158969 2679619131 1563546096 
2090968531 3701838856 2779425375 1653725950 3355255940 
1520637975 2180396391  288241531 1190944903  224976165 
2475024446 2183151458 3311358922 3523199088 1717038509 
1407271092 1093429558 1536876721 1508802906 1849309433 
 884336957 1496006011 1775938505  816079055  342316480 
1598229776 1670111177   41251722 1404955351   32971453 
2181934575 1894346401 2771824353  594224275 2753050630 
3287375809  365676804 1483745380  175574826 1243262189 
 837194905  222406342 2842592653 2312788937 1308118393 
2389066762 2567093084 2923150841 4158530864 1255803782 
2505456216 1242044148 3414187292  810563056  114451632 
3372456379 3129173996 1259477103 1734932254  493239556 
3542352858 1271044767 4220484415 2506967116 1045601284 
1184750654 3373145165 4120750394 3283540318  851409919 
2686303785 2218052655 2375755902    3211895 1353831459 
3988659119 1288927690 3897543179  519547107 1137554479 
3840968078   66266260 2678332399  484400934  298550231 
4077275735 2027072264  430525254 2041400151 3312251918 
3427902043 2725832366 3497818235 3471619347  679650351 
 604908383 4291919407 1352181124 1467600495 1328536518 
2480783163   18659827  421351569 3720004389 1931219652 
1467398350 1755536294 1249281236  803883313   56328770 
4107806165 1475970832  404745927 1282543341 2262354325 
3229083653  797682409  373348485 3670367275 3425773246 
2807436614 2298291752 4097560919   23884897  127099570 
3240329170 1969410677 3184036375 1729279925 2592027242 
3385396163 1738353781 2897712521 3170175506 1041450960 
2421681534 3190088333 3739236327 1972897393 2452329057 
 362166905 2643926235 1426925012  638158245  565567384 
 529556729 2913467610  111393011 2668265716 3331671935 
 480357113 1172859025 3436073845 2044274294 3332910980 
1633106092 1806325611 1485172084  216550844 1783915931 
1099210471 2672711572 1383730563 2818926616 3914788623 
 110851173 1392718383 3714296865   53260253 2274499582 
1302365936  869977914  287379917 1178507427 1697435926 
3202316387 1292916065 1717166112 3929810967 3654547581 
3202443259 1997392039 1169206214 2988996387 3689986203 
 515717989 4209192969 3616999520 2073087517 1657834012 
3665839065  439350043 3204130973 2957025355  978284030 
 486192218 2487472854 3843816820 3514966619 3436701673 
3550487616 2702405020 3001809383 2988102587 1711738835 
 379960232 1672111292 2343269851 3249550072 4140155601 
2487130092  847560662 1766469800  985756738  254252234 
 802870092 3819173058 1313058493 2025870047 2114070600 
1797847341 3027722453 4094148532  604941225 4248294504 
 709066548 2220148397 4190915553 1188107513 4088688099 
 159680669  917526444 4213095536  127815067 1404949063 
1574538416 2440549350 2258748257 3996911218 